209
204
204
200
202
198
188
189
199
208
221
224
213
202
195
198
200
196
200
202
202
200
212
210
191
174
154
145
143
152
153
155
151
157
150
144
144
153
169
186
196
200
196
193
194
200
214
226
232
234
233
231
221
213
213
213
218
225
227
227
226
225
231
235
245
245
244
242
240
241
242
244
245
245
245
244
242
244
246
245
243
239
238
238
237
238
241
241
238
226
226
222
227
224
214
226
229
221
233
242
239
234
215
201
200
201
203
206
208
204
204
204
204
204
205
217
233
233
230
228
227
232
233
233
232
226
216
214
226
216
204
208
215
207
192
196
205
215
227
226
205
192
192
194
196
198
214
227
223
215
214
194
177
161
152
142
138
143
145
157
159
161
152
140
138
148
168
183
192
197
196
196
196
200
213
224
229
231
232
230
227
222
219
217
212
211
216
219
224
229
229
238
243
243
244
244
241
241
242
240
239
238
240
237
232
236
240
234
229
228
230
230
230
229
234
235
232
232
233
237
234
237
232
235
230
222
229
237
231
228
217
207
207
210
218
222
224
215
215
212
208
209
210
225
237
235
238
236
232
233
236
235
233
223
215
218
229
228
212
200
203
210
204
202
212
218
225
216
184
188
193
198
203
212
235
237
234
229
225
214
189
173
151
141
134
122
125
141
153
160
151
137
136
147
166
180
190
194
196
196
198
200
211
221
227
229
230
232
234
231
228
227
217
209
211
220
220
220
224
236
239
240
242
242
241
242
242
239
236
230
227
217
214
217
218
216
222
226
229
229
229
226
228
232
231
233
233
233
231
239
237
230
226
227
223
213
220
230
231
231
228
226
226
227
230
223
222
217
213
212
214
224
230
226
225
222
220
219
218
226
223
215
212
214
225
226
214
194
189
196
199
206
218
224
217
207
193
202
207
209
215
220
221
215
204
200
200
186
172
166
151
145
147
133
115
128
139
149
148
139
136
147
162
176
186
191
193
195
201
199
207
217
225
227
230
233
235
233
231
227
221
217
215
223
225
221
217
224
232
234
237
238
238
237
236
232
229
225
216
200
210
224
217
209
217
225
230
228
225
223
225
227
227
231
233
230
224
224
207
216
209
194
146
109
109
133
161
186
224
225
220
218
217
210
209
212
206
205
207
207
205
201
199
196
195
195
197
203
206
209
209
207
219
223
217
204
195
187
184
198
215
221
205
184
185
204
214
215
205
200
197
195
195
191
180
162
150
148
150
151
157
151
130
137
143
146
146
136
137
146
158
173
181
187
192
198
206
200
204
216
225
227
230
233
234
233
229
222
215
214
216
219
219
216
210
215
224
228
231
231
230
225
219
216
218
217
209
209
213
218
208
201
209
218
227
230
226
222
222
222
201
180
160
144
112
98
100
106
99
109
101
109
83
72
87
95
134
207
217
213
210
208
208
207
201
199
197
192
195
187
186
186
185
185
189
193
199
202
205
203
204
213
217
212
207
198
183
185
197
197
186
177
176
187
208
211
207
192
194
198
201
202
177
157
146
148
152
159
161
154
147
150
153
151
149
145
145
149
159
172
181
188
194
200
209
204
209
222
226
228
231
234
235
233
230
219
211
207
206
208
215
213
209
216
225
230
231
224
216
207
206
211
222
230
224
227
224
221
209
203
208
215
222
226
230
229
220
186
120
110
106
91
78
116
132
89
85
113
112
125
101
91
103
96
96
145
197
193
180
175
155
144
145
147
131
116
127
98
113
110
120
120
131
146
166
182
186
186
185
200
205
206
201
197
198
189
186
191
190
188
185
182
201
212
216
196
191
194
200
215
191
153
147
153
159
167
166
157
157
160
159
157
155
153
153
154
160
170
179
187
193
199
204
202
212
222
225
228
231
232
233
233
231
222
214
210
206
207
213
214
213
219
227
228
223
215
212
206
214
226
228
238
235
220
224
225
216
197
154
156
137
133
141
147
119
80
78
77
95
114
138
121
97
78
82
115
105
113
77
88
95
101
108
91
104
114
102
80
73
90
101
100
99
115
86
108
112
81
94
108
117
104
102
119
122
108
179
189
190
189
186
181
177
182
183
187
192
194
191
186
193
205
210
194
187
189
190
187
172
148
148
156
163
169
168
164
165
165
162
160
159
160
160
158
162
169
178
186
192
197
199
201
211
218
223
226
227
229
231
232
230
224
217
213
209
212
216
218
219
222
227
228
226
220
219
213
220
230
179
197
188
133
147
154
154
122
109
109
96
103
93
110
121
105
96
72
86
124
126
103
124
119
129
138
125
118
101
84
79
96
73
73
115
117
100
86
107
134
115
105
119
129
99
121
106
93
91
92
100
115
90
77
76
75
153
157
150
135
140
141
140
146
159
183
196
187
175
176
178
190
202
180
175
181
172
159
148
141
152
157
173
180
172
173
175
170
164
164
163
167
168
165
167
171
179
188
195
198
199
204
213
217
221
222
224
227
229
230
228
224
219
213
214
217
219
221
221
222
227
229
219
155
163
194
187
175
129
96
117
124
110
110
103
80
73
55
65
111
117
121
133
73
43
27
75
108
112
132
136
125
165
168
134
112
100
100
109
116
81
64
97
101
105
102
99
117
127
108
95
98
104
93
117
120
112
136
134
108
93
97
94
103
176
167
161
145
128
122
117
116
126
136
140
140
141
144
151
158
168
159
156
158
141
136
133
138
149
165
201
205
181
186
181
180
174
168
169
173
176
175
172
175
182
192
200
201
204
211
215
218
220
220
223
227
227
227
225
223
218
216
218
218
219
221
223
220
213
182
146
107
107
104
82
104
130
113
152
113
88
89
64
50
58
55
114
120
121
99
104
81
69
50
102
99
79
140
117
130
178
172
119
101
87
107
125
100
72
88
96
101
94
86
105
117
130
144
111
96
121
122
126
100
117
146
120
100
107
99
100
110
199
198
203
213
213
215
210
201
204
195
184
176
164
151
144
142
137
131
130
129
126
128
131
138
147
158
166
165
166
172
175
179
177
168
172
174
177
180
175
179
188
199
205
206
208
212
216
220
222
223
225
227
226
225
224
219
178
199
217
213
206
201
184
147
129
117
115
128
114
99
94
110
105
87
106
85
84
104
102
119
140
147
117
110
126
107
106
110
103
95
104
90
89
103
101
126
179
167
118
100
107
107
138
118
92
111
86
109
125
107
120
117
100
139
126
104
100
129
143
136
120
137
137
127
127
88
112
126
209
211
207
208
213
231
240
236
232
223
216
217
216
205
202
202
192
184
176
175
174
167
161
159
162
161
157
156
156
158
160
166
168
169
174
177
178
180
179
183
192
202
205
207
207
210
212
210
191
164
177
195
185
187
189
179
123
120
136
139
133
133
125
110
126
143
134
120
96
110
118
119
113
101
64
87
130
149
137
118
143
135
123
121
110
93
99
123
109
134
125
105
116
100
113
118
154
138
114
113
134
121
135
105
81
123
110
132
118
104
92
94
84
89
120
128
130
149
164
157
134
130
128
110
109
100
103
114
206
208
209
211
217
230
237
236
233
226
220
220
225
224
221
222
223
220
212
208
206
200
192
184
182
184
183
181
182
181
179
180
181
180
182
179
177
178
179
182
193
195
151
143
187
185
158
113
119
93
108
115
112
110
121
122
118
106
129
130
112
136
120
140
141
150
111
118
108
129
135
131
109
120
115
136
129
129
123
136
109
134
144
123
78
95
98
100
103
109
104
125
129
123
100
41
63
127
118
132
140
152
123
87
68
111
95
143
124
126
123
119
110
103
117
98
115
130
111
124
121
126
116
134
138
122
121
145
196
197
198
198
198
203
210
212
215
217
220
221
220
219
219
218
214
211
204
200
198
198
196
193
191
193
194
196
198
202
204
203
200
202
206
207
206
203
201
198
175
133
81
81
108
99
88
74
112
107
73
114
111
119
132
129
123
132
132
103
101
114
94
97
123
141
89
111
94
84
79
102
135
126
138
97
88
102
121
139
146
163
166
135
128
127
125
101
103
103
109
143
115
113
95
37
68
119
136
126
133
153
140
118
100
122
114
141
146
144
129
90
60
88
126
111
105
98
104
118
109
125
120
151
139
151
117
137
202
210
199
193
195
196
197
196
198
199
212
221
218
216
217
216
210
203
195
189
187
187
188
188
188
193
196
198
204
204
197
183
186
187
143
161
202
200
175
132
97
104
100
108
104
65
65
88
125
110
91
120
112
140
135
136
138
124
119
106
107
91
100
106
122
114
93
63
75
75
110
139
130
102
125
78
113
100
125
174
179
159
160
142
136
151
144
121
129
132
157
158
135
126
103
78
97
106
133
151
142
137
138
132
116
152
155
152
143
156
138
128
104
114
158
138
128
138
110
77
113
115
135
139
118
121
105
138
206
205
209
208
212
207
207
205
206
208
207
211
213
215
216
214
208
203
200
196
196
193
194
170
126
148
154
121
145
170
137
80
90
109
89
92
106
104
94
97
92
89
72
89
97
104
127
110
119
129
137
129
126
133
129
148
115
96
83
100
115
127
128
75
87
112
112
86
107
95
128
131
121
120
132
121
125
125
161
168
136
114
150
132
138
150
122
128
133
149
175
151
121
115
110
117
107
149
166
161
127
131
142
156
128
155
142
152
164
163
153
141
121
95
128
147
138
144
132
107
99
78
98
118
88
83
131
155
189
184
182
182
184
185
189
186
192
189
189
200
198
201
207
212
216
214
199
196
165
98
153
132
71
79
125
81
71
85
83
74
86
84
80
94
96
83
96
117
103
89
91
111
123
131
137
94
128
136
138
122
145
98
89
95
56
86
90
124
139
141
115
113
125
133
141
123
142
139
120
140
134
154
154
139
125
143
155
111
105
129
135
146
158
172
125
124
138
163
133
156
90
95
121
130
142
166
164
150
143
149
163
166
133
125
110
156
171
156
141
130
118
138
140
149
135
147
156
123
129
96
128
78
87
129
145
178
197
193
186
185
188
187
184
186
189
192
194
193
163
134
147
196
208
182
108
103
100
66
86
85
79
76
76
85
83
80
87
87
96
109
105
107
99
112
119
126
144
142
131
135
133
118
109
116
132
139
123
101
92
78
121
116
97
115
93
115
127
147
111
128
141
169
144
129
147
140
124
153
150
141
128
134
138
153
109
86
111
129
132
151
157
169
131
95
127
132
85
147
92
91
144
179
181
164
154
157
162
166
168
161
95
121
149
184
168
168
167
158
163
158
149
172
167
161
140
102
112
116
108
93
115
123
118
154
209
212
218
217
217
211
203
193
169
182
196
182
100
66
78
98
111
118
108
109
122
114
100
100
104
106
105
100
102
113
120
113
122
123
131
139
135
134
138
134
146
143
142
145
148
117
120
134
143
143
136
135
136
123
107
126
141
126
132
120
150
163
165
168
154
145
132
130
145
127
116
117
157
133
149
167
147
138
82
96
123
144
149
163
137
145
138
133
151
135
72
114
135
135
155
171
141
124
150
160
147
169
142
145
138
115
157
178
161
172
170
151
135
115
125
168
164
150
130
136
142
121
130
132
141
146
158
166
151
125
149
117
114
105
99
106
102
111
100
94
109
99
101
109
125
119
123
120
125
113
113
104
99
95
121
119
117
121
128
128
129
137
145
151
146
143
143
142
145
147
137
150
134
140
140
145
147
121
135
151
156
81
87
136
125
154
171
153
137
177
167
157
145
163
144
164
163
131
88
149
166
133
134
115
105
108
87
94
130
147
156
160
145
138
128
138
146
137
86
101
125
138
156
150
136
132
125
147
151
169
154
143
156
149
126
134
137
154
157
153
163
156
148
155
165
169
163
142
137
151
165
166
169
148
132
153
85
90
110
100
103
96
87
96
98
96
102
132
115
104
124
129
136
128
131
126
125
115
123
115
109
116
122
125
132
137
133
139
147
151
149
147
139
145
155
143
141
140
134
141
145
167
144
120
88
111
144
158
158
113
138
136
116
141
158
175
162
174
152
127
136
139
133
139
130
130
145
134
121
154
118
120
106
114
141
143
147
137
149
157
164
159
138
129
138
129
123
148
156
160
164
149
136
142
147
160
162
162
159
141
151
152
152
138
143
149
153
152
149
117
84
95
128
165
163
154
155
156
153
168
168
147
138
142
61
70
109
106
105
110
105
110
117
133
132
135
124
130
133
137
135
133
136
125
130
127
134
137
125
131
144
139
142
147
149
157
157
157
150
151
149
155
155
152
154
153
152
125
158
158
146
123
83
98
141
120
114
122
152
104
114
132
135
148
150
155
140
139
146
136
133
149
129
131
138
128
127
140
157
168
174
162
164
172
165
164
167
163
162
175
145
124
113
121
138
138
146
167
170
155
142
108
123
155
153
155
150
152
153
149
149
146
152
154
162
153
143
154
143
158
150
169
154
160
165
163
154
169
158
164
155
161
113
113
110
114
125
131
137
138
131
149
145
142
139
149
143
136
138
145
134
134
138
132
133
138
137
143
158
149
154
154
154
158
161
165
149
150
154
152
156
160
156
139
140
138
138
108
129
131
129
143
137
139
135
149
141
111
120
95
113
127
149
147
132
124
115
114
108
102
127
134
102
111
145
164
172
173
170
179
188
193
186
192
201
192
186
190
188
182
161
175
148
114
155
173
159
130
130
85
106
136
125
103
136
166
151
158
164
154
152
142
153
162
154
156
159
152
153
153
158
157
173
162
160
162
142
179
167
172
121
130
133
135
144
141
152
149
153
153
141
146
145
144
135
135
137
138
133
120
130
141
138
147
151
146
157
170
160
155
159
156
159
157
152
152
152
152
162
162
161
134
131
150
139
99
104
117
136
137
138
140
157
153
136
147
124
139
153
158
145
128
134
137
126
117
114
119
131
150
119
131
152
185
207
211
210
203
197
194
191
187
184
185
189
190
194
198
199
203
204
204
203
207
203
185
196
191
182
183
173
156
168
190
177
189
189
186
189
189
192
203
198
200
201
203
210
210
204
207
216
216
217
215
212
211
206
205
134
142
143
140
147
148
147
150
150
141
137
143
141
137
152
150
150
147
145
140
144
157
156
159
164
157
163
168
161
168
170
171
164
170
166
145
169
173
170
170
172
151
131
155
154
156
168
139
131
144
163
173
168
164
172
172
170
173
172
167
166
168
170
168
151
164
163
170
165
160
174
201
229
233
219
191
171
156
131
106
94
82
74
73
76
78
86
92
98
105
123
134
156
202
219
196
174
175
185
196
205
206
207
203
202
199
192
197
192
188
187
183
179
175
164
158
154
143
133
129
126
117
114
102
95
92
87
85
173
177
174
177
176
174
174
177
177
175
171
171
174
183
182
175
177
184
181
177
176
176
182
184
178
173
175
183
178
167
166
169
172
179
181
175
167
153
146
151
144
142
156
164
170
157
141
148
157
169
161
157
154
170
179
173
169
165
157
157
163
171
173
167
166
161
173
176
179
205
232
234
215
198
191
184
179
165
110
80
75
48
51
56
58
56
58
61
66
69
74
73
82
205
210
202
207
207
199
163
153
162
171
133
91
75
63
63
56
53
56
52
53
52
52
59
62
71
79
88
97
109
111
121
139
145
169
167
154
157
152
146
153
154
154
150
156
160
153
153
158
164
166
167
170
166
159
158
167
166
177
174
176
173
163
169
163
169
171
172
174
176
170
173
166
162
151
152
154
158
167
170
168
157
161
167
177
180
176
181
184
191
188
176
169
167
173
176
181
182
180
182
182
148
150
198
235
235
216
198
191
187
182
173
161
116
64
55
47
44
68
81
71
65
67
75
86
93
94
74
113
214
199
195
199
207
212
199
156
167
170
202
117
71
62
66
72
80
91
96
101
125
142
160
158
182
189
183
188
202
186
195
197
176
182
169
143
150
149
148
152
150
148
163
162
168
166
162
171
175
181
189
187
185
176
173
177
178
187
183
185
181
171
162
169
173
176
182
175
171
158
163
157
164
158
162
169
170
179
168
166
166
174
181
183
181
182
181
188
185
180
171
164
166
162
158
152
142
135
138
157
161
217
240
221
192
178
165
151
138
127
114
97
69
49
49
55
69
102
115
90
87
93
108
110
107
110
74
158
208
187
155
136
142
159
197
168
147
181
228
214
180
150
146
172
188
200
196
187
214
211
195
180
191
186
171
166
168
163
162
164
162
154
150
142
154
140
142
152
150
151
172
165
169
166
168
180
173
176
178
175
182
178
179
180
174
187
185
189
186
179
170
168
177
170
174
163
165
151
154
150
149
141
145
140
135
129
118
113
107
101
90
82
79
82
82
83
88
95
103
110
118
126
127
125
115
98
127
188
228
233
201
173
155
137
119
105
94
85
77
70
68
75
88
94
91
102
113
97
97
112
137
149
157
127
79
191
164
141
53
48
47
42
97
175
141
204
230
228
223
219
216
219
223
208
169
161
171
173
171
167
165
163
157
156
148
141
134
124
107
97
91
143
156
173
165
166
160
166
170
172
172
172
166
163
159
156
155
152
149
145
142
138
135
129
124
120
115
111
106
101
95
89
86
80
73
66
61
56
54
51
49
48
43
38
34
30
28
26
31
45
63
83
104
126
149
166
189
208
217
224
228
231
227
189
182
157
144
161
159
137
119
99
82
70
73
70
47
41
66
79
80
76
75
84
91
91
102
111
109
101
129
125
101
198
96
59
61
80
81
101
151
199
211
228
230
231
229
226
222
219
222
225
212
166
151
150
147
142
137
135
120
108
98
91
83
82
82
88
100
133
130
123
118
109
101
96
92
84
79
74
68
61
56
52
50
48
50
50
52
53
54
52
51
48
46
42
40
37
36
31
28
26
22
20
17
16
15
14
13
12
11
11
12
18
52
101
144
165
174
181
185
186
192
209
233
244
243
243
244
242
240
235
229
230
227
223
228
221
213
190
166
134
132
122
99
69
71
82
79
83
87
87
91
85
89
99
115
133
139
139
175
204
158
70
49
171
215
220
223
224
224
222
221
223
218
204
201
198
194
192
115
53
99
111
102
95
88
85
85
89
91
91
91
105
113
108
101
44
43
41
39
36
34
33
33
31
31
29
26
25
23
22
21
19
19
18
18
17
15
13
13
12
11
11
11
11
12
13
16
19
22
26
31
35
42
49
56
64
69
74
92
137
168
174
176
175
172
175
187
209
232
244
246
246
245
244
243
242
242
242
240
236
230
227
227
215
203
196
189
197
214
222
224
213
208
213
201
174
162
152
160
167
181
198
211
221
225
225
224
209
205
138
124
198
213
211
209
205
204
203
203
191
167
164
169
171
168
134
49
30
35
81
80
80
79
85
95
108
116
112
102
92
89
84
83
17
16
14
12
10
10
9
9
9
9
9
9
9
9
10
10
11
14
16
22
25
30
35
41
46
50
57
65
72
74
78
79
78
74
70
66
62
62
59
57
54
64
118
177
176
170
178
181
180
183
206
233
243
241
242
245
244
238
228
218
210
203
196
192
191
195
199
193
193
203
217
217
211
202
201
206
209
203
192
187
186
188
193
199
206
214
219
225
225
222
218
215
199
207
198
197
195
191
190
189
186
183
188
161
110
111
133
145
153
151
81
68
37
33
94
103
97
92
89
89
93
91
93
89
87
92
91
91
6
6
7
7
9
13
17
21
27
33
38
44
49
55
61
67
75
79
81
85
85
82
80
77
72
66
61
56
49
44
37
34
33
36
38
44
46
47
62
80
105
146
154
175
171
178
177
177
190
219
234
226
222
229
232
222
208
194
184
178
174
173
180
193
197
191
185
196
204
200
192
192
204
222
224
213
194
189
197
200
203
207
208
209
202
193
198
208
219
217
205
197
183
189
185
179
174
170
173
179
178
166
158
156
159
164
169
176
176
131
47
38
22
52
124
111
86
82
85
90
93
95
92
91
93
96
100
101
49
55
63
69
73
77
78
79
78
78
73
69
64
58
53
48
44
39
35
32
31
31
36
42
46
51
57
70
79
98
106
119
126
145
144
156
139
144
151
161
181
156
155
171
173
173
180
194
202
204
208
215
212
199
188
181
178
174
170
170
181
197
199
187
180
180
180
178
177
185
207
226
223
203
177
148
121
173
215
213
211
209
196
146
86
63
79
130
186
193
184
171
150
166
166
168
170
160
137
100
62
35
26
32
42
58
75
95
110
61
28
21
15
30
81
87
88
92
94
96
94
94
95
97
101
103
102
98
51
49
43
39
34
31
27
25
24
26
27
26
32
30
33
46
68
83
93
113
126
134
155
167
170
170
166
171
169
180
166
168
163
168
162
176
167
168
162
168
190
187
181
172
176
185
194
195
194
203
200
186
176
170
169
166
164
165
179
201
199
182
171
171
169
167
168
179
205
219
212
190
168
136
113
107
136
174
214
209
204
185
109
32
9
5
5
32
108
130
134
139
138
157
145
115
74
40
18
8
5
5
4
8
24
2
3
32
78
37
27
23
7
23
90
104
102
101
100
98
96
94
95
96
97
91
82
75
30
35
43
51
61
75
89
103
111
130
129
111
126
108
108
134
161
178
174
178
180
182
193
191
188
186
172
186
182
180
175
186
181
181
186
187
182
185
179
175
189
196
180
179
186
190
188
193
198
183
172
168
164
163
162
163
173
197
200
180
166
164
165
165
165
167
188
216
208
184
160
133
126
142
123
115
160
211
211
204
190
110
24
27
47
43
19
4
43
131
138
125
95
56
26
11
6
4
5
5
5
4
4
4
12
1
3
24
54
33
13
8
8
41
102
105
102
101
99
95
94
92
85
76
70
68
71
71
139
155
155
157
172
172
178
181
175
175
166
147
144
134
133
148
166
188
176
181
190
193
203
201
203
203
196
200
193
190
190
192
185
189
169
167
166
160
153
163
209
198
186
188
187
183
188
194
174
167
164
163
163
163
167
190
203
182
164
160
161
161
161
161
165
171
178
181
177
137
83
102
154
84
36
122
204
213
204
195
140
33
46
76
40
46
63
22
14
83
72
33
13
4
3
4
4
5
5
4
4
4
3
3
34
30
40
63
60
24
38
21
26
89
108
105
102
100
99
92
85
75
69
63
62
68
73
77
158
173
173
171
178
174
176
187
191
183
172
152
158
154
156
175
193
202
199
201
202
200
201
199
196
186
168
157
158
166
169
167
169
187
176
174
178
179
175
185
214
200
191
188
183
181
187
175
168
166
165
165
166
173
196
193
168
161
163
163
163
162
160
159
161
171
187
174
121
67
57
110
129
36
88
185
212
204
195
172
64
37
84
20
8
46
33
47
9
14
8
3
2
2
3
3
2
2
2
2
8
18
10
16
86
80
58
96
65
18
89
38
37
105
104
101
98
89
80
71
65
63
67
66
71
73
83
122
140
156
160
166
185
191
194
199
198
195
184
165
156
151
148
152
161
164
166
171
171
166
180
184
185
179
170
168
172
176
176
177
180
182
183
182
180
174
154
187
213
203
194
187
182
183
180
176
173
171
170
171
177
192
182
168
169
171
172
172
171
169
169
178
194
204
162
103
55
56
69
57
69
87
161
209
202
192
186
122
24
78
38
8
17
43
36
33
24
1
2
2
2
1
1
1
2
2
7
21
36
44
21
56
66
32
50
53
23
9
104
52
43
90
91
83
71
61
58
60
60
63
64
65
78
117
183
225
180
183
180
170
161
152
141
135
140
141
127
105
100
97
92
95
108
122
136
150
156
160
165
168
169
171
170
171
173
173
171
167
160
151
141
133
127
123
97
160
164
155
167
177
187
196
196
193
188
184
181
181
187
181
176
179
182
185
187
188
189
193
201
209
192
141
109
68
62
72
36
57
109
162
205
199
191
185
173
65
40
50
8
6
39
41
47
22
35
2
1
1
1
1
1
3
8
19
26
23
15
32
69
54
27
25
18
13
4
2
60
49
50
66
59
52
50
51
53
56
59
60
71
112
180
223
226
200
149
139
130
87
67
68
77
88
105
113
113
117
124
131
141
152
160
164
165
167
168
167
163
159
154
150
143
136
131
125
120
117
113
109
106
105
105
103
60
118
87
54
70
82
101
126
153
171
181
186
191
192
190
188
190
192
193
197
201
206
209
191
148
129
135
145
107
93
98
128
159
183
203
203
183
166
149
123
81
19
59
15
4
23
77
50
28
13
37
6
3
3
3
6
11
19
20
17
10
24
58
78
43
21
18
13
7
3
1
1
21
47
60
36
38
41
46
50
53
58
66
103
172
219
226
198
136
87
135
130
131
127
131
135
140
144
147
150
153
158
160
162
161
158
154
150
146
139
131
121
112
109
107
107
105
102
103
102
99
95
90
83
83
85
93
103
38
87
109
30
14
10
29
58
90
73
77
80
95
109
129
146
160
171
185
203
215
218
212
183
129
164
198
198
198
196
186
170
157
133
99
88
78
56
29
10
3
13
59
5
14
24
46
49
18
13
39
15
18
17
15
18
17
11
9
33
68
77
51
21
11
6
3
2
1
0
0
0
4
32
24
25
34
38
45
52
60
96
166
218
231
213
147
79
56
57
139
141
142
144
144
143
140
139
140
139
134
132
125
119
114
112
108
103
102
100
98
95
93
92
89
84
77
74
78
87
99
118
143
161
170
168
159
130
31
41
130
47
43
20
8
7
67
69
32
23
27
29
37
43
51
59
73
102
152
210
220
215
197
179
155
125
93
59
34
21
33
31
61
94
44
11
4
2
1
26
52
9
19
13
44
48
17
13
41
18
20
17
11
8
16
48
79
70
39
19
12
7
4
2
0
0
0
1
1
3
6
10
19
27
34
38
46
90
159
215
231
220
169
99
60
54
52
54
135
133
128
125
117
110
104
100
97
95
92
94
93
93
93
93
92
85
81
77
69
71
75
84
102
125
152
166
174
174
163
140
114
92
71
48
36
31
11
10
123
66
58
70
53
26
59
45
5
18
9
9
24
28
14
7
20
67
95
189
159
92
50
36
30
24
18
12
7
22
61
44
43
15
4
4
2
0
1
37
55
14
17
22
26
31
11
15
54
15
7
6
27
63
78
60
30
15
10
7
3
1
0
0
1
3
7
11
15
20
23
26
30
33
44
79
153
214
227
223
188
111
59
51
52
54
51
48
87
85
80
81
78
79
80
82
81
77
76
75
71
67
67
72
81
92
109
133
154
169
176
173
159
137
111
85
60
45
35
30
28
26
24
24
27
33
21
9
78
120
24
20
37
51
60
41
28
28
18
16
18
19
19
29
46
104
146
81
31
22
22
21
21
20
16
10
6
55
56
8
3
3
1
1
0
0
1
36
58
33
28
34
31
31
9
27
71
18
33
66
69
42
19
12
9
6
3
1
0
1
3
6
10
14
17
22
27
31
33
36
40
75
149
210
227
224
198
133
68
44
43
46
51
49
43
45
64
64
59
63
61
58
57
54
53
59
70
90
115
142
165
177
178
171
152
126
97
73
54
39
30
25
22
20
20
21
22
24
25
27
29
31
35
43
78
63
76
122
112
69
37
21
34
19
25
32
38
45
44
42
32
50
120
110
43
28
27
27
26
26
27
24
16
8
11
23
6
3
1
1
0
0
0
0
1
35
75
50
94
63
62
35
8
35
74
39
48
28
13
8
6
4
2
1
0
1
4
8
12
16
19
23
27
30
34
36
42
76
148
207
224
224
204
147
78
47
43
40
40
40
38
37
37
45
45
44
47
56
70
90
117
146
166
177
178
169
150
123
94
68
46
30
21
16
16
16
16
16
17
19
21
23
24
26
27
29
32
34
36
38
39
59
186
178
180
134
91
100
115
114
105
78
55
38
23
16
15
30
88
128
70
32
31
32
33
34
36
38
35
25
14
9
15
5
3
1
0
0
0
0
0
0
1
29
76
33
113
80
39
16
5
38
64
12
9
6
4
2
1
0
0
2
6
10
14
17
21
25
28
32
35
35
39
74
147
205
225
225
211
154
88
53
39
40
38
38
38
35
33
37
44
63
127
151
170
180
178
166
145
116
88
65
45
31
22
17
15
14
13
14
14
15
17
18
20
20
22
24
26
27
29
32
32
32
33
33
32
30
31
43
142
196
198
188
156
127
106
95
96
103
110
115
116
117
122
115
86
43
38
46
54
64
69
74
73
65
51
36
29
28
15
2
1
1
1
1
2
2
2
2
1
17
51
21
84
85
28
6
14
57
39
4
2
1
0
0
0
3
6
11
15
18
21
23
28
30
31
33
39
73
145
206
224
227
215
165
97
54
44
41
40
40
42
37
34
33
34
40
46
56
137
112
84
60
42
29
21
18
15
12
11
11
11
12
13
15
17
17
19
21
23
23
26
27
28
30
30
29
28
28
27
26
27
30
36
43
51
54
58
89
139
170
170
169
170
168
156
142
128
118
110
101
96
89
93
102
110
116
119
115
109
107
110
125
147
166
168
95
6
2
1
1
0
0
1
1
3
4
0
7
50
24
75
76
28
8
31
75
12
1
0
1
1
3
6
12
17
21
23
25
28
29
32
32
37
77
148
203
220
221
219
181
103
53
43
39
39
38
38
42
38
33
34
34
35
37
36
40
18
16
15
14
12
11
11
11
12
13
14
15
16
17
18
20
21
22
23
24
26
26
27
26
26
25
25
25
27
30
35
42
50
56
62
61
61
56
50
39
30
44
79
117
138
151
165
173
179
181
178
172
165
165
168
174
179
182
186
191
198
205
208
205
196
185
131
27
1
1
1
3
7
15
24
30
36
37
3
1
40
34
39
59
29
25
70
53
1
0
1
3
7
12
17
22
25
27
29
31
32
32
38
74
148
206
220
220
221
195
128
64
40
39
38
38
36
35
35
35
34
32
35
40
40
40
38
40
8
9
10
12
12
13
14
15
16
17
18
19
20
21
22
23
22
23
22
22
22
22
24
27
31
35
40
46
51
57
60
64
67
66
61
58
52
43
32
21
12
8
6
9
23
47
78
106
127
140
149
156
162
164
171
175
177
174
166
159
155
150
146
143
147
118
37
25
34
44
56
63
66
61
54
45
37
20
1
0
11
55
20
21
29
65
86
11
1
3
7
11
15
19
23
27
29
32
35
34
36
74
148
205
221
220
221
203
138
68
42
37
34
35
34
34
32
31
31
33
31
33
44
51
47
46
40
51
11
13
13
15
16
17
18
19
19
20
20
21
21
20
19
20
20
23
27
32
37
41
45
49
51
57
63
68
71
70
69
66
64
61
54
49
41
29
19
12
6
4
3
1
1
1
1
4
12
23
36
51
69
86
101
116
124
128
123
119
119
113
107
101
95
70
51
48
43
37
30
22
16
12
11
10
9
4
0
0
1
24
56
50
71
82
22
3
5
10
15
18
23
25
27
30
30
34
39
75
149
205
220
220
222
211
153
74
39
37
38
36
33
34
34
32
30
29
30
29
30
34
42
51
63
54
63
82
15
15
16
17
18
18
18
17
18
18
17
17
19
23
28
34
39
42
46
49
53
55
58
63
64
66
67
64
62
61
60
55
49
44
37
29
23
18
13
8
6
4
2
1
1
0
0
0
1
1
1
1
2
2
4
7
9
13
13
13
13
10
8
7
7
7
8
8
7
6
6
5
4
4
3
2
2
0
0
0
1
2
14
37
35
11
4
9
14
19
23
26
29
30
30
29
36
75
150
206
220
219
220
215
168
89
42
35
35
35
36
34
35
37
38
33
32
33
34
34
38
36
46
73
82
86
97
86
15
15
15
15
14
14
14
15
17
20
24
31
37
38
42
47
52
53
55
58
62
60
58
57
55
54
53
51
47
42
34
28
24
22
22
21
19
16
13
10
7
4
3
3
1
1
0
0
0
0
0
0
0
0
0
0
0
0
0
0
0
0
0
0
0
0
1
1
1
1
1
0
0
0
0
0
0
0
0
0
0
0
1
2
5
10
15
20
23
26
28
28
29
29
36
78
149
203
220
221
222
219
184
103
46
34
33
31
32
34
35
35
36
40
37
34
35
42
43
48
45
47
69
91
102
112
103
71
12
12
12
14
16
20
23
26
31
36
40
44
47
50
54
55
56
58
54
54
52
48
45
42
40
36
32
27
24
22
21
20
20
20
20
18
17
15
13
11
9
7
6
5
4
3
1
1
0
0
0
0
0
0
0
0
0
0
0
0
0
0
0
0
0
0
0
0
0
0
0
0
0
0
0
0
0
1
1
1
2
4
7
11
16
18
21
24
27
28
29
29
36
78
154
205
218
220
223
222
197
124
57
37
34
32
31
36
36
34
34
33
34
35
36
35
35
35
44
48
50
60
79
104
120
114
73
42
15
18
22
26
29
33
36
40
44
47
50
49
51
52
50
47
45
44
41
36
32
29
26
24
23
21
19
20
19
19
19
18
18
18
18
18
18
17
14
13
11
10
9
7
6
5
4
3
3
2
1
1
0
0
0
0
0
0
0
0
0
0
0
0
0
0
0
0
0
0
0
0
1
1
1
2
4
5
6
8
11
14
15
17
20
22
23
26
28
29
38
80
156
207
219
221
220
222
203
134
65
38
36
35
33
32
34
34
31
30
31
30
31
33
32
29
27
33
44
54
63
75
102
123
109
64
43
37
28
29
31
34
36
39
43
44
45
45
44
44
41
39
37
34
30
25
23
22
20
20
20
20
19
19
18
18
18
20
18
18
18
19
19
19
19
18
17
17
15
13
11
10
9
8
8
6
6
5
4
3
3
2
1
1
1
1
1
1
1
1
1
1
1
2
3
2
3
3
4
5
6
7
9
11
13
14
15
17
19
19
22
24
28
29
32
30
39
85
159
208
221
221
219
219
207
148
71
37
32
32
34
33
32
34
31
28
27
27
27
28
32
30
30
34
32
36
57
77
82
101
119
99
59
41
33
34
33
33
36
35
36
37
38
38
37
35
32
29
26
24
22
20
19
19
18
17
17
18
19
18
18
18
18
18
19
19
19
20
19
19
19
19
20
20
20
19
17
16
14
13
12
11
10
9
8
7
7
6
6
6
5
5
5
4
5
5
5
5
6
6
7
8
8
9
9
10
11
12
14
17
19
21
23
24
24
25
25
26
28
28
32
32
41
90
164
210
218
218
220
220
211
160
79
38
32
29
30
29
29
32
33
30
29
26
26
26
28
30
29
29
37
37
35
48
64
85
99
111
93
55
36
34
29
31
30
30
30
30
28
29
28
25
22
19
17
16
16
16
16
16
16
17
16
15
16
16
17
17
18
18
19
19
19
20
20
20
21
23
24
26
26
25
23
21
20
18
16
15
14
12
12
11
10
10
10
9
9
9
9
9
8
9
10
10
12
12
13
13
13
13
14
13
14
17
19
21
24
26
27
27
28
29
31
32
31
31
32
31
44
94
169
213
220
218
216
219
215
171
92
40
30
30
29
30
28
29
34
33
30
28
26
27
28
27
28
27
27
33
38
34
34
46
58
84
94
78
51
30
35
32
31
27
23
23
22
21
18
16
15
14
13
13
14
13
14
14
14
15
14
14
14
14
15
17
19
20
20
20
20
20
22
25
26
29
30
33
32
31
32
30
27
26
23
20
18
16
16
15
14
13
13
12
13
13
13
13
13
14
14
15
16
17
17
17
17
17
17
18
19
20
23
26
28
29
29
28
29
31
34
34
34
33
33
33
46
99
174
213
219
218
217
219
217
183
106
46
31
30
31
31
30
30
30
32
29
28
27
30
31
29
27
27
26
26
27
32
36
31
32
41
71
88
65
43
28
34
35
33
29
27
16
14
12
11
11
12
13
13
13
13
13
12
12
12
12
13
13
15
17
18
19
20
21
22
22
23
25
27
31
35
37
38
37
37
38
38
38
36
32
28
25
23
20
19
18
16
15
15
16
16
16
16
18
19
18
19
20
20
20
19
20
21
22
23
23
24
24
26
27
28
29
30
31
32
33
35
35
34
32
32
47
103
177
214
217
216
217
217
217
193
120
51
31
29
30
30
30
30
30
29
29
26
27
27
30
33
33
28
25
26
25
25
29
32
32
33
41
68
86
59
40
29
29
32
31
31
27
31
10
10
10
11
12
11
13
14
14
13
13
12
12
13
15
16
17
19
19
21
21
23
24
28
29
31
35
37
37
39
39
43
41
42
44
40
37
35
32
29
27
24
21
21
20
19
19
18
19
20
21
22
23
22
21
21
21
22
24
24
25
27
28
27
28
28
27
28
28
31
32
34
36
35
32
32
31
31
48
107
179
212
215
215
215
218
219
200
133
61
33
29
28
28
31
30
28
27
27
27
27
26
28
30
30
30
28
25
26
27
27
25
28
32
44
52
74
100
72
36
28
25
27
24
26
26
31
27
10
10
10
11
12
11
11
11
12
13
14
14
15
16
17
18
20
21
22
25
25
27
30
32
35
36
39
39
40
43
43
43
42
41
42
40
39
36
32
30
27
26
25
23
22
22
22
22
24
23
23
22
21
21
22
26
28
29
29
29
30
30
30
30
30
28
27
32
35
39
38
34
32
30
30
30
52
115
183
213
216
215
216
218
219
205
145
68
33
28
29
27
26
28
29
27
26
26
25
26
25
25
27
28
27
25
25
27
26
24
23
23
32
49
66
75
83
67
41
28
25
24
22
22
23
27
26
23
9
9
9
9
10
11
11
13
14
15
15
16
18
19
20
21
22
24
25
28
29
31
32
35
37
37
40
40
40
43
43
46
47
46
42
40
39
38
34
33
31
30
29
27
25
24
25
24
23
21
21
20
22
26
30
30
30
30
30
30
31
32
31
29
30
30
34
35
33
32
31
30
30
32
57
122
188
215
216
217
216
219
221
211
158
78
34
27
27
26
27
26
28
28
27
26
26
26
25
24
24
25
25
26
24
24
28
29
26
24
27
38
58
68
70
75
60
40
29
27
23
23
21
21
23
24
22
26
8
8
8
10
11
12
13
14
15
16
16
18
19
20
21
22
24
27
29
30
32
32
33
35
35
38
39
40
44
47
45
44
41
41
41
39
40
40
38
36
32
29
28
26
25
24
23
22
23
22
23
25
28
29
30
31
30
29
30
33
34
35
34
35
35
35
32
29
29
31
32
34
63
130
193
217
219
217
214
214
217
212
168
89
38
27
26
26
27
26
26
27
27
29
28
26
26
25
24
22
23
23
24
24
26
28
31
29
28
30
41
54
55
47
57
60
42
30
29
25
25
22
21
22
22
21
22
24
8
9
10
12
13
14
15
15
14
16
17
18
19
21
22
24
27
30
30
29
30
31
36
39
39
40
42
44
42
42
39
39
40
41
40
37
38
37
34
31
30
27
26
24
23
23
23
23
24
23
26
27
29
29
28
28
31
33
35
34
33
33
34
36
34
31
29
31
30
36
67
136
198
219
219
217
214
214
216
214
177
99
41
27
26
25
26
27
26
27
28
27
28
27
25
25
24
24
22
23
23
23
23
25
28
28
29
29
32
39
44
40
41
54
51
41
30
28
24
24
23
20
20
21
21
20
22
22
10
11
12
13
14
14
14
14
14
16
18
19
21
22
23
25
26
27
28
29
33
36
39
41
41
39
39
38
37
39
38
40
40
38
36
37
35
33
29
27
25
23
24
25
24
24
22
23
25
26
27
26
26
28
30
32
34
32
32
34
36
38
35
33
32
32
29
35
71
143
201
220
221
216
212
212
214
214
184
109
47
27
26
25
25
26
26
27
28
26
27
26
26
23
23
25
21
21
21
22
24
22
24
26
24
26
31
30
34
44
40
40
51
50
35
28
27
23
21
23
20
19
21
19
20
19
21
21
11
12
12
13
13
14
14
15
18
19
19
20
21
24
26
27
27
28
30
32
33
32
34
35
36
40
38
37
36
38
39
38
37
33
32
30
29
26
23
24
23
23
23
23
23
24
26
26
27
26
26
27
31
33
33
32
31
32
35
36
35
35
34
33
31
36
78
151
204
219
220
218
216
216
216
215
190
120
51
27
26
25
25
25
26
26
26
24
24
25
25
23
22
22
23
21
20
22
24
23
22
23
22
21
24
28
25
27
39
46
47
47
37
31
24
24
20
18
18
21
19
20
20
18
19
18
18
20
10
11
12
13
14
15
16
18
19
20
20
21
22
24
25
27
28
29
28
28
30
31
33
33
35
37
37
39
38
36
35
33
30
28
26
25
25
25
24
22
22
22
23
24
26
26
26
25
26
28
30
29
31
32
33
32
32
32
32
34
35
33
30
38
85
158
207
219
219
218
216
218
218
217
196
130
58
28
24
25
25
22
23
25
25
24
24
23
23
23
21
20
22
20
19
21
22
22
22
20
22
21
19
21
27
25
30
43
53
49
44
33
26
22
21
20
18
17
18
20
21
19
20
18
18
18
18
16
11
12
13
14
15
16
17
18
18
19
20
21
22
22
23
25
27
27
28
29
30
31
32
34
34
32
31
32
31
28
27
27
26
25
24
23
23
22
21
21
22
24
24
25
25
25
27
28
29
30
31
33
34
34
34
32
30
31
33
32
30
43
94
165
209
219
218
216
216
219
219
217
199
139
64
30
25
24
24
22
20
22
24
23
23
22
22
22
23
20
19
20
19
19
21
23
22
21
20
22
23
20
22
24
28
37
49
56
53
41
30
23
20
20
19
17
17
18
18
21
18
18
18
18
18
18
17
16
13
13
14
15
15
17
18
19
19
19
19
20
21
22
22
26
28
28
27
26
29
32
32
32
31
30
28
28
25
23
23
24
23
23
21
21
21
23
22
23
24
25
24
25
25
26
28
29
31
33
35
36
36
32
31
31
32
31
29
32
85
168
213
221
220
215
213
217
220
218
214
165
76
33
26
24
25
24
21
21
21
23
24
22
22
21
22
21
20
20
21
20
20
21
22
22
21
21
25
24
23
24
25
28
40
51
59
56
50
39
24
20
20
20
18
17
20
18
20
20
18
18
18
19
18
17
16
20
