36
38
40
42
42
42
42
42
42
41
40
41
43
45
47
49
51
52
52
51
50
50
49
48
48
48
48
49
49
48
47
46
45
44
45
45
45
45
46
47
48
50
50
50
51
51
51
52
53
52
51
50
50
51
50
49
49
48
48
48
48
47
45
44
44
43
44
44
43
42
44
46
49
51
52
53
55
56
58
59
59
61
62
63
64
64
65
65
65
63
61
59
57
55
52
49
45
42
38
36
34
32
32
32
34
35
35
34
34
34
34
33
32
31
31
31
31
30
28
26
24
21
19
19
18
19
20
22
36
38
41
43
44
44
44
43
43
43
42
43
44
47
48
50
51
52
51
51
51
51
50
49
48
48
48
49
49
48
47
46
46
45
46
46
46
47
48
49
50
50
50
51
51
51
51
52
53
52
52
51
50
50
50
50
49
49
48
48
48
47
47
46
45
45
46
46
46
46
47
49
52
54
54
55
56
58
59
61
61
63
64
64
65
65
66
66
66
64
62
60
57
54
51
48
45
41
38
35
33
31
31
33
35
35
35
35
35
35
35
35
34
34
33
33
33
32
31
29
26
23
21
18
18
18
19
21
36
38
41
44
46
46
45
45
45
45
44
45
46
48
49
50
51
51
51
51
51
51
50
49
48
48
49
48
48
47
47
46
46
46
47
47
48
48
49
50
51
51
51
51
51
51
52
52
53
53
52
52
50
50
50
50
49
49
48
48
47
47
47
48
48
49
49
50
50
50
51
53
55
56
57
57
58
60
62
63
64
65
65
65
66
66
67
67
67
66
63
61
58
54
51
48
45
42
38
35
33
31
32
33
35
36
36
36
36
36
37
37
37
37
35
35
34
34
33
32
29
26
23
20
20
20
20
21
37
39
42
45
46
46
45
46
46
46
45
45
47
49
50
51
51
51
51
51
50
50
49
48
48
48
48
47
47
46
46
46
46
47
48
49
49
50
51
51
52
52
52
52
52
52
52
52
52
53
53
52
51
50
49
49
49
49
48
47
47
48
49
50
51
51
52
53
52
52
53
54
56
57
59
59
60
62
64
66
67
67
67
67
67
67
67
68
68
66
65
63
60
57
53
50
46
43
39
36
34
32
33
35
36
37
37
37
37
37
37
38
38
38
37
36
35
34
33
32
30
27
25
23
22
22
23
23
39
41
43
45
46
45
45
46
46
47
46
46
47
49
50
51
51
51
52
52
51
51
50
49
48
48
48
48
47
46
45
46
46
48
49
50
51
52
53
53
53
53
53
53
52
52
52
52
52
52
52
52
51
50
50
50
49
49
49
49
49
50
51
52
53
54
55
55
54
53
54
54
55
57
59
60
61
63
65
67
68
68
67
67
67
68
68
68
68
67
66
64
63
59
55
50
46
42
39
36
34
33
34
36
37
38
38
38
38
37
37
38
39
38
37
37
35
34
33
32
31
29
27
26
25
25
25
25
40
42
44
46
47
46
46
47
47
48
47
47
48
49
50
50
51
52
52
53
52
52
51
50
50
50
50
50
49
47
47
46
47
48
50
51
52
53
54
54
54
53
53
53
53
52
52
52
52
51
51
51
51
51
51
51
51
51
51
51
51
52
53
54
55
55
56
56
55
55
55
55
55
57
59
61
62
64
65
67
67
68
68
68
68
68
68
67
68
67
66
65
63
60
55
50
46
42
40
37
36
35
35
36
38
39
39
38
38
38
38
39
39
40
39
38
37
36
34
33
32
31
30
28
27
27
28
28
41
43
45
48
49
48
48
48
48
48
48
48
48
49
49
50
51
52
52
53
54
54
54
53
52
52
52
51
51
49
49
48
49
49
51
51
52
53
53
53
53
54
53
53
53
52
52
52
52
51
51
51
51
52
52
52
52
53
54
54
54
55
56
56
57
56
56
56
56
56
56
56
57
58
60
62
63
64
65
66
67
67
68
68
68
68
68
67
67
67
66
65
62
59
54
50
46
44
41
40
38
37
36
37
38
40
40
40
40
39
39
39
40
40
40
40
39
37
35
34
34
33
32
31
30
30
31
31
43
44
46
49
51
51
50
49
49
49
49
49
48
48
48
49
51
51
53
55
55
55
55
54
54
53
53
52
52
52
52
52
52
52
52
52
53
53
53
53
53
53
53
52
52
52
52
52
53
52
52
52
52
53
53
53
54
56
56
62
75
81
81
79
79
76
63
58
57
57
57
57
58
59
61
62
63
64
65
66
67
67
67
68
68
68
67
67
66
66
64
63
61
58
54
49
47
45
43
42
40
39
37
37
38
40
40
41
40
40
40
40
41
41
41
41
40
37
36
35
33
34
34
33
33
33
34
34
44
45
47
50
52
52
51
50
49
49
49
49
48
48
48
49
51
53
55
56
56
56
56
55
55
54
54
53
53
54
54
54
54
54
53
53
53
53
53
53
53
53
52
52
52
52
52
53
54
53
53
53
53
54
54
54
60
91
135
178
192
163
137
156
147
164
164
135
83
61
58
58
59
60
61
62
63
64
65
66
68
68
68
68
68
68
67
66
66
64
63
62
60
57
54
49
48
46
44
43
42
40
38
38
39
40
40
40
40
39
39
41
42
43
42
42
40
37
37
35
34
35
35
35
35
36
37
37
45
46
48
51
52
52
51
50
49
48
49
48
48
47
47
49
52
55
57
58
57
57
57
56
56
55
54
53
53
54
54
55
55
55
54
53
53
53
52
52
52
52
52
52
52
53
53
53
54
54
54
53
53
54
57
90
164
201
171
139
122
101
99
102
50
42
80
123
152
148
95
63
62
63
63
63
63
64
66
67
69
70
71
71
71
70
69
67
66
65
63
61
59
57
53
49
47
46
45
44
42
41
40
39
40
40
40
39
39
38
39
42
44
44
44
43
41
38
37
36
35
36
36
36
36
38
40
40
45
45
47
50
51
51
50
48
47
47
47
47
47
47
48
51
54
57
59
59
59
58
57
56
56
55
54
53
53
54
55
56
57
56
55
54
53
52
52
53
53
53
53
53
54
54
54
54
55
55
54
54
54
58
115
206
185
123
128
100
67
31
37
18
15
20
39
64
90
148
192
130
72
65
65
65
65
66
67
69
71
72
73
73
73
72
70
69
68
65
64
61
58
55
52
48
46
45
44
43
42
41
40
40
40
39
39
39
39
38
40
43
45
46
45
44
41
39
38
37
36
37
38
37
38
40
42
43
43
44
46
48
50
49
48
47
46
46
47
47
47
48
50
53
57
59
60
60
59
58
57
56
55
53
52
52
52
53
55
56
57
57
56
55
54
53
54
55
55
55
56
56
57
56
56
57
57
56
55
54
58
118
216
183
107
92
110
71
58
65
43
18
33
114
133
93
125
104
144
199
134
72
65
66
66
66
68
69
71
73
73
73
72
71
70
68
68
66
64
60
56
54
50
46
44
43
42
42
42
41
41
41
40
39
39
39
39
39
41
44
46
47
46
45
42
39
39
38
37
38
39
39
40
42
43
44
43
44
45
47
49
48
47
45
45
46
47
48
48
49
51
54
58
59
59
59
58
58
57
55
53
52
51
50
51
53
55
57
58
59
59
58
57
57
58
59
60
61
61
62
62
61
61
60
60
58
57
58
125
214
198
136
106
86
73
156
169
150
148
102
125
137
155
123
172
144
135
190
207
125
73
67
66
66
67
68
70
72
71
72
71
71
69
68
67
66
63
60
56
53
49
45
44
43
42
42
42
41
41
41
40
39
39
39
39
40
42
44
46
47
46
45
43
40
40
39
38
39
40
41
42
44
44
44
44
45
46
47
48
48
47
46
45
46
48
49
49
50
52
54
56
58
57
57
57
57
55
54
52
50
50
50
52
55
57
59
61
62
62
62
62
62
63
65
66
66
67
67
67
66
65
64
62
60
59
105
218
221
167
149
141
125
117
120
142
180
151
175
179
163
144
134
159
197
181
218
233
193
108
68
66
66
66
68
70
71
71
71
71
70
69
68
68
66
64
60
56
52
48
45
44
43
42
42
42
41
41
41
40
39
39
39
39
40
42
45
46
47
46
45
42
40
40
39
38
40
41
41
43
44
44
44
45
46
46
47
48
48
48
48
47
47
48
49
50
51
52
53
55
56
56
56
56
55
53
52
50
49
50
52
54
57
60
62
63
64
65
65
66
67
69
71
72
72
71
71
70
70
69
67
65
62
79
192
234
206
187
189
131
65
51
49
68
108
137
167
180
207
185
181
191
207
235
247
218
191
141
81
65
65
66
68
70
71
71
71
71
70
69
68
68
66
64
61
57
52
48
46
44
43
43
43
43
42
42
41
40
40
39
39
38
38
40
43
45
45
44
43
41
40
39
37
38
39
41
42
44
45
45
45
46
47
48
49
50
50
50
50
50
50
50
50
51
51
52
53
54
55
55
55
55
53
51
50
49
48
50
53
56
60
63
65
66
68
69
70
71
72
74
76
77
77
76
76
76
75
73
71
68
68
149
232
224
216
214
160
88
84
77
88
107
119
133
156
169
205
222
239
222
189
200
194
172
143
123
105
68
64
65
68
70
71
70
70
70
69
69
68
68
66
64
62
59
54
49
47
45
44
43
43
43
43
42
41
40
39
39
38
37
37
38
41
43
43
42
41
39
38
37
36
36
38
40
42
44
45
46
46
48
49
51
52
52
52
52
52
52
52
52
52
52
52
52
52
53
53
53
53
53
51
49
48
47
49
51
55
58
62
65
67
69
71
72
73
75
77
79
80
81
81
80
80
79
78
76
74
70
96
201
230
222
226
223
143
130
123
118
129
143
166
190
216
236
244
223
218
210
180
181
160
106
69
63
88
72
64
65
68
69
70
69
68
68
68
67
67
67
66
65
63
61
56
51
48
46
45
43
44
44
44
43
41
40
39
39
38
37
36
37
39
41
41
41
39
38
37
35
34
35
36
39
41
44
45
46
46
52
53
54
55
55
54
53
52
52
53
53
54
54
53
53
53
53
53
52
51
51
49
47
47
48
49
53
56
59
63
66
69
71
73
75
76
78
79
81
82
83
83
82
82
81
80
78
76
72
132
206
227
228
229
216
174
178
168
173
184
197
212
211
217
210
199
199
186
143
127
109
139
178
86
48
59
73
64
66
68
68
67
66
65
65
65
65
65
65
64
64
63
62
58
54
50
48
46
44
45
45
45
44
43
42
41
41
40
38
37
37
39
40
40
39
38
37
36
35
34
34
36
38
40
43
44
45
45
55
56
56
56
56
55
54
53
53
54
55
55
54
54
53
53
53
52
51
50
49
48
47
48
49
51
54
57
61
65
69
72
74
76
78
80
81
82
84
84
85
84
83
83
83
82
80
78
90
152
191
225
234
228
217
228
235
227
223
211
189
163
137
135
130
121
111
172
140
103
103
162
168
149
63
90
99
64
66
66
65
64
63
62
61
61
62
62
62
63
62
63
62
59
57
54
50
48
46
47
47
48
47
46
45
44
43
42
41
39
40
41
41
40
38
38
37
36
35
33
34
35
37
39
42
44
45
45
59
59
58
57
57
56
56
55
55
56
56
55
54
54
54
54
53
52
51
50
49
48
47
49
51
53
56
59
63
68
72
75
77
79
81
82
83
85
85
86
85
85
84
84
84
83
82
79
99
138
156
182
204
217
169
190
179
157
136
111
91
96
74
88
84
84
75
94
154
142
166
173
164
159
83
103
103
73
66
64
62
61
60
59
59
59
59
60
60
61
61
61
62
60
59
56
53
50
49
49
50
50
50
49
48
47
45
44
43
42
42
43
42
41
39
37
36
35
34
33
33
34
36
38
40
42
43
44
62
60
60
58
57
56
56
56
57
57
57
56
55
55
55
55
55
53
52
51
50
50
50
52
53
54
57
61
65
70
75
79
80
81
82
84
85
86
87
87
87
86
86
85
84
84
83
81
102
133
170
173
179
200
173
125
99
93
86
67
57
52
48
59
59
64
70
80
95
115
144
157
177
187
135
108
105
78
64
62
61
60
59
58
58
58
58
58
59
60
60
60
61
60
60
58
55
53
51
50
51
52
52
51
51
50
48
46
45
44
44
44
44
42
40
37
35
34
34
32
32
33
35
36
38
40
42
43
63
61
60
59
58
57
57
57
58
58
58
57
56
56
56
56
56
55
54
53
52
53
54
55
56
56
60
64
68
73
77
81
82
83
84
85
86
87
88
88
88
88
87
86
85
84
83
83
119
137
185
196
194
180
165
129
135
146
146
120
85
56
55
67
71
85
77
76
73
105
140
145
183
194
181
174
133
97
63
62
61
60
58
57
57
57
57
57
57
58
59
59
60
60
60
59
57
54
52
51
52
53
53
53
52
52
50
48
46
46
46
45
45
44
42
38
35
34
33
32
32
32
34
35
36
38
40
42
63
62
61
60
58
58
58
59
59
59
59
59
58
58
57
57
57
57
57
56
56
57
58
60
61
61
65
68
71
76
79
83
84
84
85
86
87
88
89
90
90
89
89
88
87
85
84
88
156
176
203
209
189
167
154
141
140
135
136
165
120
74
70
82
81
70
58
36
65
111
112
129
135
126
196
201
152
95
63
62
61
59
58
57
56
56
56
56
55
56
57
59
60
61
61
60
58
55
53
52
53
53
54
54
54
53
51
49
48
48
48
46
47
46
44
41
38
35
33
32
32
33
34
34
36
37
39
40
64
62
61
60
59
59
59
60
60
60
60
59
59
58
58
58
59
60
60
60
61
62
63
65
66
66
70
73
75
78
81
84
85
86
87
87
88
89
90
90
90
90
90
89
88
86
84
89
179
202
198
222
200
172
149
129
132
136
123
129
105
94
85
84
59
65
53
62
91
100
118
104
93
97
150
203
148
110
66
63
61
60
59
58
57
57
57
56
55
54
56
58
60
61
62
60
59
57
54
53
54
55
55
55
55
54
52
50
49
48
47
46
47
48
47
44
41
38
35
34
34
34
34
34
34
36
37
39
63
62
61
61
59
59
60
60
60
60
59
59
59
59
58
59
59
61
62
63
64
65
67
68
69
70
74
77
78
80
83
85
86
87
87
87
88
88
89
90
90
90
90
90
88
86
84
88
167
174
158
218
226
194
150
133
120
114
114
107
91
90
90
90
88
89
89
93
103
105
99
83
85
81
116
154
139
97
68
65
63
61
60
59
57
57
57
55
54
53
55
58
60
61
61
60
59
57
56
55
56
57
57
57
57
56
55
53
51
48
46
45
46
48
48
47
45
42
39
37
37
37
36
35
35
36
37
38
63
62
61
60
59
59
60
61
60
60
59
59
60
59
58
59
60
61
63
64
65
67
68
69
71
72
76
78
80
82
85
87
88
88
88
88
88
88
89
90
91
91
92
91
90
87
85
84
108
120
139
174
230
221
174
133
122
116
109
97
96
83
82
81
79
77
78
87
94
89
87
77
80
75
107
118
106
94
70
67
65
63
61
60
59
58
57
56
55
54
55
57
59
60
60
60
60
59
58
58
59
60
60
60
60
60
58
56
54
51
48
47
47
49
50
49
48
46
44
41
40
39
39
38
38
38
37
37
62
61
60
60
59
59
60
61
61
60
60
60
60
59
59
58
59
61
63
64
65
67
68
70
71
72
76
79
81
84
86
88
89
89
89
89
88
88
89
90
91
92
93
92
91
89
86
84
94
104
123
115
170
231
213
166
133
106
93
85
88
88
74
74
73
72
73
75
80
87
95
81
89
102
120
118
106
95
69
68
67
65
64
62
61
60
59
57
56
56
56
57
58
59
60
60
61
60
60
60
61
62
63
63
63
62
61
59
57
54
52
49
49
50
51
51
51
50
48
45
43
42
42
41
41
39
38
36
62
61
60
60
59
60
61
61
60
60
61
62
61
60
59
59
59
60
62
64
66
68
69
70
72
73
76
79
82
85
88
90
90
90
90
90
90
90
90
91
91
93
93
93
93
91
87
85
96
109
116
111
132
182
223
209
170
124
97
85
79
88
69
70
70
70
76
80
82
97
82
82
107
139
140
119
149
129
70
69
68
67
66
65
63
62
61
59
59
58
58
58
58
58
59
60
61
61
61
62
64
64
65
65
64
63
62
61
60
58
56
53
52
52
52
53
54
53
51
49
45
43
42
43
42
41
38
36
62
61
60
60
60
61
62
61
60
61
62
63
61
60
60
60
60
61
62
65
67
69
70
71
73
75
77
80
83
87
89
91
91
91
91
91
91
91
91
92
93
94
95
95
94
92
89
86
106
119
117
124
135
144
189
222
217
167
116
94
97
106
75
67
67
74
87
80
93
86
78
107
132
178
153
127
181
162
69
68
68
68
67
67
65
64
62
61
61
61
60
59
59
60
61
62
62
62
63
64
65
66
66
66
66
65
64
63
62
61
59
57
56
55
54
54
55
55
53
51
48
45
44
44
43
42
39
36
63
62
61
61
62
62
62
61
61
61
63
63
62
62
62
62
62
63
64
67
69
71
72
73
76
77
80
83
86
88
90
92
92
92
91
91
91
91
92
93
94
96
97
96
95
92
88
86
112
126
126
124
120
122
137
185
230
219
162
122
109
125
112
66
69
96
94
104
96
96
116
151
182
182
150
117
178
185
69
67
67
68
68
68
66
65
64
62
62
61
60
60
60
62
63
64
64
64
64
65
66
67
68
68
67
66
65
65
64
64
62
61
60
58
56
54
55
55
54
53
50
47
45
45
44
43
41
38
63
62
62
62
62
63
63
62
62
62
64
64
63
63
63
64
65
65
67
69
71
74
75
77
79
81
84
86
87
89
90
92
93
93
92
91
92
92
93
95
95
96
97
96
94
91
87
85
112
112
121
116
126
123
119
128
162
208
215
189
168
164
162
114
145
170
170
156
130
155
184
200
185
158
151
113
179
185
66
65
67
68
68
67
66
65
63
62
61
60
60
59
60
63
65
66
66
65
65
66
67
68
69
69
68
67
67
66
66
65
64
64
63
60
57
55
55
55
55
53
50
47
45
45
44
43
42
40
64
64
63
63
63
63
63
63
63
64
64
64
63
63
64
66
67
69
70
73
75
78
80
81
83
85
88
89
90
90
91
92
93
93
93
93
93
93
94
96
96
97
97
96
93
89
86
84
112
105
115
107
106
105
108
106
133
144
177
200
202
199
201
193
190
192
200
195
193
207
198
152
118
113
133
95
182
167
64
64
65
66
66
65
64
63
61
60
60
60
60
60
61
64
66
67
67
66
66
67
68
68
69
69
69
68
67
67
67
66
66
66
66
64
61
59
57
57
56
54
51
48
45
44
43
42
42
40
66
66
65
65
65
64
64
64
64
65
64
64
63
64
65
67
70
72
74
77
79
82
84
85
87
88
90
92
92
91
91
92
92
93
93
93
93
93
94
95
95
95
95
93
91
87
87
121
138
111
121
121
131
122
106
106
123
125
123
127
167
200
217
216
213
212
218
214
202
205
166
119
116
106
108
100
179
188
100
63
64
65
65
64
62
61
59
58
58
59
60
60
62
64
66
67
67
67
67
67
68
68
69
69
69
69
68
68
67
68
68
69
70
68
66
64
62
61
59
56
53
49
47
45
43
42
42
41
69
68
68
67
66
65
65
65
66
66
65
64
63
64
67
70
73
75
78
80
83
85
86
87
89
90
92
94
93
92
92
92
92
93
92
92
91
91
92
92
92
91
91
90
87
84
94
182
165
135
145
150
163
158
133
107
119
123
112
118
130
127
152
196
211
206
183
167
153
146
156
123
136
123
134
153
188
209
172
70
63
64
64
63
61
60
59
58
58
58
58
59
61
63
64
66
67
67
67
67
68
68
69
70
70
70
69
69
69
70
70
72
73
73
70
69
67
66
63
59
55
52
49
47
46
44
42
41
69
69
69
68
67
66
66
66
66
66
66
64
63
65
68
72
76
78
80
83
86
87
87
88
89
91
93
94
94
93
92
92
92
92
91
90
90
90
90
89
89
88
87
86
84
80
95
134
132
142
144
144
167
168
149
119
114
124
121
126
121
115
126
153
165
177
131
115
152
160
142
135
154
151
157
159
167
162
166
88
61
62
62
61
59
59
59
58
58
58
58
58
60
61
62
63
65
66
67
67
68
68
69
70
71
70
70
70
71
71
72
75
77
77
76
74
72
70
66
63
59
55
52
50
48
46
43
41
69
69
69
69
68
67
66
66
65
66
65
64
65
68
72
75
78
81
82
86
88
89
88
88
89
91
93
93
94
93
92
91
90
90
89
87
87
87
87
86
85
84
83
81
79
76
79
100
118
125
141
138
147
158
142
135
117
116
133
149
133
127
128
133
143
157
144
132
135
158
151
138
166
162
169
146
168
140
96
68
58
60
60
58
57
58
58
58
57
56
55
55
56
58
60
62
63
65
66
66
66
67
68
69
71
71
71
72
73
74
75
78
80
80
79
77
75
73
70
66
63
59
56
54
52
49
45
44
68
69
70
70
69
67
66
65
64
65
64
65
67
71
74
77
80
83
85
88
90
90
89
89
90
91
92
93
93
93
92
91
89
88
86
85
84
84
84
82
81
80
78
77
76
74
72
79
110
116
138
139
148
153
139
146
129
121
122
137
126
125
125
127
124
128
127
145
146
141
146
135
152
174
166
161
187
147
83
59
58
58
57
56
55
56
56
56
56
54
53
51
52
54
57
60
62
63
65
65
65
65
66
68
70
71
72
74
75
76
78
80
82
82
81
79
77
75
73
69
67
63
60
58
54
51
48
46
66
67
69
70
69
67
66
65
64
63
64
66
69
73
76
79
82
84
87
90
90
89
90
90
91
92
93
93
93
93
93
91
89
87
85
84
82
81
81
79
78
77
74
74
73
72
70
77
119
140
139
128
133
145
154
134
122
113
118
139
141
129
132
135
126
126
136
147
145
145
131
151
169
174
164
172
172
131
68
60
59
58
56
55
54
54
55
55
54
53
51
49
48
50
54
58
60
62
64
64
63
63
64
66
69
71
73
75
77
78
80
81
83
83
82
81
78
76
74
71
69
66
64
61
57
53
50
47
64
65
67
68
67
66
66
65
64
63
64
66
70
74
77
80
82
84
87
90
90
90
90
91
92
93
93
93
94
94
94
93
90
88
86
84
82
81
79
77
75
73
71
71
71
71
71
81
115
123
127
121
131
146
178
175
157
111
118
137
150
147
141
137
142
134
144
146
143
150
140
138
168
173
162
163
177
140
65
61
60
58
57
56
54
54
55
54
54
53
51
48
47
48
52
55
59
61
63
63
62
62
63
65
68
72
75
77
78
80
81
83
84
83
83
82
79
77
75
72
71
68
66
63
59
54
51
49
63
63
65
65
66
65
65
65
64
63
64
66
70
74
78
81
82
85
87
90
90
90
91
91
92
93
93
93
94
95
96
94
91
89
87
85
82
80
78
75
73
70
69
70
71
71
71
84
115
122
121
129
132
150
189
196
190
136
128
126
140
146
145
136
124
143
151
146
142
146
148
136
149
166
153
149
174
145
68
61
60
60
59
57
56
55
55
54
54
53
52
49
47
47
50
53
57
59
61
61
61
60
60
63
67
71
74
76
77
80
81
82
83
83
82
81
78
76
75
73
71
70
68
65
60
56
52
50
61
62
63
64
64
65
65
65
64
64
64
66
70
74
78
81
83
85
88
90
91
92
92
92
92
92
92
93
94
96
96
95
93
90
88
86
83
80
77
74
72
70
69
71
72
72
72
85
126
131
123
131
137
133
163
186
186
133
139
127
132
148
143
136
118
123
132
141
137
136
134
127
151
174
167
140
152
151
77
62
61
60
60
58
57
56
56
55
55
54
53
51
48
48
49
52
55
57
59
59
59
59
58
60
64
68
71
74
76
78
80
81
81
81
81
80
78
76
74
73
72
70
68
65
61
57
53
51
60
61
61
62
63
64
65
65
64
63
64
66
70
73
78
81
84
85
87
89
91
92
93
92
92
91
92
93
94
96
96
94
92
90
88
86
84
82
79
75
72
72
71
71
71
72
72
82
134
139
129
138
147
137
158
186
195
178
202
150
129
141
147
149
118
120
130
142
139
138
132
136
169
185
142
131
121
124
77
63
62
60
60
59
58
58
57
56
56
55
53
51
49
48
49
51
53
55
57
57
57
57
57
58
61
65
69
72
75
77
79
80
80
79
79
79
78
76
75
73
71
70
69
66
62
58
55
52
60
60
61
61
63
64
64
64
63
63
63
65
68
71
76
80
83
85
87
89
91
92
93
92
91
91
92
93
94
95
95
94
91
89
88
87
85
83
81
77
75
73
73
72
72
72
72
77
124
136
119
137
147
144
147
161
189
209
210
166
149
148
156
151
120
124
141
149
147
139
142
133
171
173
127
134
117
109
72
65
63
62
60
59
59
58
57
57
56
55
53
51
50
49
50
50
51
53
54
55
56
57
56
57
60
64
67
70
73
75
76
77
77
76
76
76
76
75
74
73
72
71
70
67
63
59
56
52
60
60
60
61
62
63
63
63
63
62
63
64
66
68
73
77
80
82
85
87
90
91
92
91
90
90
92
93
94
95
94
93
90
88
87
86
85
84
82
79
77
75
74
73
72
72
72
73
100
124
126
141
154
146
138
139
193
206
177
174
193
172
151
145
127
133
145
153
149
145
157
150
172
150
137
139
122
94
69
67
65
63
62
60
60
59
58
57
56
55
53
52
50
50
50
49
49
51
52
53
55
56
56
58
61
64
67
69
72
73
74
75
74
73
73
74
74
74
73
72
72
71
71
68
64
60
56
52
59
59
59
60
61
62
62
62
62
61
62
63
65
67
70
74
77
79
82
85
88
89
90
89
89
90
91
93
94
94
93
91
89
86
84
84
84
84
82
80
79
77
76
75
74
73
73
73
86
116
125
133
139
146
136
147
199
174
169
160
194
191
161
160
152
146
141
147
159
149
156
167
156
149
148
129
124
83
69
68
66
64
63
62
61
59
58
57
55
54
52
51
49
49
48
48
48
49
51
52
54
55
56
58
61
65
67
68
71
72
73
73
71
71
71
72
72
72
72
72
72
71
71
68
63
58
54
50
59
59
59
59
60
61
61
61
61
60
60
61
64
66
69
72
75
77
80
83
85
87
87
87
88
89
91
93
93
93
92
90
87
85
83
83
84
84
83
83
83
82
81
80
79
78
78
78
79
101
115
134
142
141
137
134
181
180
182
181
173
211
211
187
178
170
165
162
175
157
146
144
148
151
145
125
114
77
72
69
66
65
64
63
62
60
58
57
56
54
52
51
49
48
47
46
46
48
49
50
52
54
55
57
61
65
66
67
70
71
71
71
70
69
69
71
72
72
72
71
71
71
71
67
63
57
52
48
59
58
58
59
59
60
61
61
60
58
58
60
63
65
68
71
73
75
78
81
83
84
85
86
87
89
91
93
93
93
92
89
86
84
84
85
85
85
85
86
87
88
87
86
85
85
85
85
85
92
125
148
145
144
138
134
159
168
180
218
202
189
209
213
198
199
183
182
181
182
155
150
160
163
149
120
95
77
74
70
67
65
65
64
62
60
59
57
56
55
53
52
50
47
46
45
45
46
47
48
50
52
53
55
59
63
64
66
68
70
70
70
69
68
69
71
72
72
71
71
71
70
70
67
63
57
52
47
59
58
58
59
59
60
60
61
60
58
58
59
62
65
67
70
72
74
76
79
81
82
84
85
87
89
92
93
93
92
90
88
86
84
85
86
86
86
87
89
91
92
92
92
91
90
90
90
90
92
132
178
161
144
135
129
146
163
177
193
224
210
163
199
223
207
204
200
195
190
163
161
167
168
155
122
89
77
74
71
67
65
65
64
62
61
60
57
56
55
54
52
50
47
45
44
44
45
46
47
49
51
51
53
57
61
63
65
67
68
69
69
68
68
69
70
72
71
71
71
71
70
69
67
63
57
52
47
58
58
59
59
59
59
59
60
59
58
57
59
61
63
66
69
71
73
74
78
80
81
83
85
88
90
92
93
93
91
90
88
87
86
87
88
88
89
90
93
95
96
97
98
97
96
96
97
97
97
132
177
163
143
139
133
141
146
154
188
191
229
221
181
195
200
223
218
201
182
180
172
176
174
149
132
87
80
76
73
69
67
65
63
62
61
60
58
56
55
54
52
50
47
45
43
43
44
45
47
49
50
51
53
55
59
62
65
67
68
70
71
69
69
70
71
72
71
70
70
70
69
68
66
62
57
51
47
58
58
59
59
58
57
57
58
58
57
56
58
60
62
64
67
70
71
73
77
80
81
83
85
88
90
92
92
92
91
90
89
89
89
90
90
92
92
94
97
99
100
102
103
103
103
103
103
104
103
123
162
157
153
144
134
132
126
158
196
207
201
238
237
219
203
201
215
215
189
177
184
193
161
141
111
85
81
77
75
72
68
66
63
62
61
60
58
56
55
53
51
49
47
45
43
42
43
45
47
49
51
52
54
57
61
65
68
70
72
73
73
71
71
72
73
74
73
71
70
70
69
68
65
61
56
51
47
59
60
59
59
58
57
56
56
56
55
56
57
59
60
62
65
68
69
72
76
78
80
82
85
87
89
90
90
90
90
90
91
91
91
91
92
94
95
97
100
103
105
107
108
108
108
108
108
109
107
119
163
154
144
150
134
135
125
128
163
208
215
194
222
242
238
232
218
215
201
200
211
196
149
122
98
88
84
80
78
75
71
67
64
61
60
59
57
56
53
52
50
48
46
45
43
42
43
46
49
51
54
55
57
61
65
70
73
75
76
77
76
75
75
75
75
75
75
73
72
72
70
69
66
62
57
53
49
59
59
59
59
58
57
57
57
56
56
57
58
59
59
61
63
65
67
70
73
76
78
80
83
86
88
89
89
90
91
91
92
93
93
94
96
98
100
102
104
107
109
111
113
112
111
110
110
112
110
115
158
174
141
142
133
144
135
128
130
185
222
196
198
220
229
233
228
208
206
219
230
178
133
119
101
92
88
84
81
78
74
70
66
62
60
58
56
54
52
51
49
47
45
45
44
43
44
47
51
54
57
60
63
66
70
74
77
79
79
80
80
79
79
79
78
78
78
77
77
76
74
72
69
65
60
56
54
58
58
59
59
59
59
59
59
59
58
59
60
60
60
60
61
63
65
68
71
73
75
78
82
85
88
89
89
90
92
94
96
97
98
99
100
102
104
106
108
111
114
116
118
117
115
113
113
114
114
118
162
188
159
138
142
150
146
132
131
147
189
215
205
193
210
194
212
221
224
234
209
138
117
126
104
95
91
88
85
82
79
75
70
65
62
60
57
55
53
50
48
46
45
44
44
44
46
49
54
59
62
65
68
71
74
77
80
82
82
83
83
82
84
84
83
82
82
82
82
80
77
75
71
67
64
61
59
59
59
61
62
62
62
63
63
62
61
61
62
61
60
60
61
62
63
66
69
71
72
76
81
85
87
88
89
90
93
96
99
101
102
104
106
108
110
111
113
115
118
120
122
121
119
118
117
118
118
121
152
173
165
152
163
159
158
148
134
137
148
173
193
215
215
214
211
220
230
222
180
119
126
139
104
98
94
90
88
86
83
79
74
69
65
62
58
55
53
50
48
46
45
45
46
47
50
53
58
64
68
70
72
75
78
81
83
84
85
86
86
86
88
89
88
87
87
86
85
83
80
77
74
71
68
65
63
59
61
63
65
66
67
67
66
65
64
63
63
62
61
61
61
62
63
64
67
69
71
75
80
84
87
88
90
92
94
98
102
105
107
110
113
114
115
116
117
119
121
123
125
125
123
122
121
120
120
122
148
176
184
192
181
181
181
185
162
145
150
164
162
221
242
235
230
219
223
203
143
124
155
149
111
100
96
93
90
88
86
82
77
73
68
64
60
56
53
50
48
47
45
46
48
50
54
57
63
68
73
75
77
79
82
84
86
86
87
89
91
91
92
92
91
91
90
87
85
83
81
78
76
74
72
69
67
60
62
65
68
70
70
70
70
69
68
66
65
64
63
63
63
63
63
63
65
67
70
74
80
84
87
89
91
94
97
101
104
108
111
116
118
119
120
119
121
122
123
125
127
126
125
123
123
122
123
124
143
158
169
162
172
202
203
211
198
162
149
157
173
188
215
225
214
213
215
176
126
140
176
169
115
100
96
94
92
90
89
85
80
76
71
66
62
58
53
50
48
47
46
47
50
53
56
60
66
71
75
78
80
82
85
87
88
89
89
92
95
97
97
96
95
94
91
88
85
84
81
79
79
78
76
73
70
62
64
67
70
72
74
74
74
73
71
69
67
66
65
65
65
65
64
64
64
66
69
74
79
84
87
89
92
96
100
104
108
111
115
119
120
121
122
122
124
125
126
127
128
127
126
124
124
124
126
128
141
165
185
177
179
201
212
217
219
207
170
151
166
172
164
170
201
216
201
133
135
175
207
186
115
102
98
96
94
92
91
88
84
79
74
69
64
59
54
50
49
47
47
48
52
55
59
63
69
74
78
81
83
85
87
89
91
92
92
96
99
101
101
99
98
96
93
89
86
84
82
81
81
80
78
75
73
65
67
70
73
75
76
77
76
76
74
72
70
68
68
67
68
68
67
67
66
66
69
74
80
84
88
90
94
99
103
108
111
115
119
121
123
124
125
125
126
127
128
129
130
128
127
126
126
126
128
130
144
171
191
203
182
211
235
233
231
224
207
178
159
167
171
192
209
218
166
126
158
192
222
168
114
104
100
98
96
94
92
90
86
81
76
71
65
60
55
51
50
48
48
49
53
57
61
66
72
77
81
83
85
87
89
91
93
95
96
100
103
104
103
101
99
97
94
90
86
85
83
83
83
83
81
78
75
68
69
71
74
76
78
79
79
79
78
76
75
73
71
70
70
70
70
69
68
68
70
74
80
85
89
92
96
101
107
111
115
118
122
124
125
126
127
127
129
129
130
131
130
129
127
127
128
128
130
133
138
173
208
214
200
197
244
246
236
238
225
214
200
190
208
220
223
201
137
146
190
218
212
159
114
106
102
99
97
95
93
90
86
82
77
71
66
60
55
51
50
49
49
52
55
58
63
68
74
80
83
86
87
89
91
93
95
97
100
103
106
106
104
102
99
97
95
91
88
86
85
85
85
84
82
80
78
71
72
73
76
77
79
80
80
81
81
81
79
77
76
75
73
72
72
71
70
70
72
76
81
85
90
94
98
104
109
114
117
121
123
126
127
128
128
129
130
131
132
132
131
130
129
130
131
132
134
136
131
149
208
193
202
191
231
250
243
239
231
227
227
225
228
228
223
152
137
179
194
204
191
157
112
107
103
100
98
95
93
90
86
82
77
72
66
60
54
50
49
49
50
53
57
60
65
70
76
82
85
87
89
91
93
94
96
99
103
107
109
108
106
104
101
99
97
94
91
88
87
86
86
86
84
82
80
73
74
75
77
79
80
81
83
84
85
85
84
83
82
80
78
76
75
74
73
73
75
78
81
86
91
96
100
106
111
116
119
123
125
127
128
129
130
130
131
132
133
133
133
131
131
132
133
134
136
137
132
136
187
230
208
213
210
238
235
235
232
227
222
223
239
244
191
134
170
200
199
214
161
138
112
108
104
101
99
95
92
89
85
82
77
72
67
60
53
49
49
49
51
54
59
62
67
72
79
83
87
89
91
93
94
95
98
102
106
109
111
110
109
107
104
102
100
97
93
90
88
88
88
87
86
84
82
75
76
77
78
80
81
83
85
87
89
90
89
87
85
83
80
79
78
77
76
77
79
81
84
87
92
98
103
109
113
117
122
124
126
128
128
129
131
131
132
133
134
134
134
133
132
133
134
136
138
139
135
135
166
238
230
231
216
213
229
228
228
227
224
223
239
202
148
158
190
200
206
170
114
115
111
108
104
102
99
94
90
87
84
81
76
71
66
60
52
48
47
48
51
55
60
64
69
75
81
85
88
91
93
95
97
98
101
104
107
111
113
113
111
110
108
105
103
100
95
92
90
89
89
87
87
86
84
77
78
79
80
81
83
85
88
91
93
95
94
92
89
86
83
81
80
79
79
79
81
83
86
89
94
100
105
110
114
118
122
124
127
128
128
129
130
132
133
133
134
134
134
134
134
135
136
139
140
141
142
143
142
200
235
226
225
201
216
220
220
221
219
230
226
154
156
188
187
202
166
125
118
116
111
108
104
101
98
94
90
86
82
79
74
69
64
58
50
47
46
47
50
55
61
65
70
77
83
87
90
92
94
97
99
101
103
107
110
113
116
115
115
114
112
110
107
103
98
94
92
91
90
88
88
88
85
80
81
82
83
84
86
88
90
94
96
98
98
97
94
90
87
84
83
82
82
82
82
84
88
92
97
101
105
110
114
118
121
124
126
127
128
129
130
132
133
133
134
135
135
135
136
137
139
141
143
143
144
146
145
152
204
226
213
207
201
209
216
221
228
230
181
156
184
188
195
172
139
123
120
115
111
107
103
100
97
93
89
85
81
77
72
67
62
56
48
45
44
46
50
56
61
66
72
78
84
89
92
94
96
99
102
104
107
110
113
116
118
118
118
118
116
114
110
105
100
96
94
93
92
90
89
88
85
84
85
86
86
88
90
91
92
96
98
100
102
101
98
95
91
88
86
85
84
84
84
86
90
94
99
103
106
111
114
118
121
123
126
127
127
129
130
132
133
134
134
135
136
137
138
140
141
142
144
145
146
147
148
148
165
215
222
204
208
208
214
229
235
198
163
177
192
203
165
137
128
123
120
115
111
107
102
99
96
92
88
83
79
75
70
65
61
54
47
44
43
46
50
57
62
68
73
79
86
90
93
95
97
101
105
107
110
113
115
118
120
121
121
121
120
118
114
108
102
98
96
95
94
92
90
88
85
87
88
89
89
90
91
93
95
98
101
102
103
102
100
97
94
91
89
88
87
86
86
88
92
96
101
104
107
111
114
118
121
123
125
126
127
128
130
131
133
134
135
136
137
138
139
141
143
143
145
146
147
148
149
150
153
180
218
208
207
213
222
230
201
186
193
213
223
189
146
134
127
123
119
115
111
107
102
97
94
90
86
82
78
73
68
65
60
53
46
44
43
46
51
58
64
69
74
80
86
91
95
97
99
103
107
109
112
115
118
120
122
122
122
122
121
119
115
109
103
100
98
97
96
94
92
89
86
92
93
93
92
93
94
96
98
100
102
103
103
102
101
99
96
95
93
91
89
88
88
89
93
98
102
105
107
111
115
118
120
122
124
126
126
128
130
131
133
134
135
137
138
138
140
142
143
144
146
147
147
148
149
150
151
154
173
204
211
215
234
207
180
199
226
231
203
163
155
131
125
121
118
115
112
107
101
96
92
88
84
80
76
71
67
64
60
54
48
45
43
46
52
59
65
70
76
81
87
92
96
99
102
105
108
110
113
117
120
122
123
122
122
121
120
117
113
108
103
101
100
99
98
96
93
89
86
97
98
98
97
97
98
99
102
104
105
105
105
104
102
100
98
98
96
93
91
90
90
92
96
100
103
106
108
112
115
118
120
122
124
125
126
128
129
131
133
134
136
137
137
138
140
142
143
144
146
147
148
148
149
150
151
151
158
205
224
234
224
178
208
235
224
184
171
194
184
130
123
120
117
115
113
108
101
96
91
86
82
79
75
71
67
64
60
54
49
46
45
48
52
59
66
72
77
82
88
93
97
101
104
107
109
111
114
118
121
123
123
122
121
120
118
115
112
107
103
101
101
100
99
97
93
89
86
99
101
101
101
101
101
103
106
108
109
110
109
107
105
102
101
100
98
95
93
92
93
96
98
101
104
107
109
112
115
119
121
122
123
124
126
127
128
130
133
134
135
135
135
136
138
141
143
144
146
147
147
148
150
151
152
154
172
217
234
231
194
203
238
223
183
192
219
228
198
139
122
120
117
114
112
107
102
96
89
84
80
77
75
72
67
65
61
53
48
46
47
50
54
60
66
72
77
82
88
93
98
103
106
109
110
112
116
120
122
124
123
121
120
117
114
113
110
105
103
102
101
100
98
97
93
89
85
101
103
104
105
106
106
108
109
111
113
114
114
112
109
107
106
104
101
98
96
96
97
99
101
103
106
109
111
113
115
118
120
121
122
123
125
126
127
129
131
133
133
133
133
133
135
138
141
143
145
147
146
148
150
152
152
163
203
230
237
211
196
216
225
202
215
223
223
234
221
177
126
120
117
114
110
105
100
94
87
82
78
74
73
71
67
65
60
54
50
49
51
54
57
63
68
73
78
83
88
93
98
103
107
110
112
114
118
121
122
123
122
119
116
114
111
110
107
104
102
102
101
99
97
95
91
87
83
102
104
106
108
110
111
112
112
112
114
117
117
115
113
113
112
110
106
103
100
100
101
103
104
106
109
112
113
114
115
117
118
120
121
122
123
125
126
128
130
132
132
131
130
130
132
135
138
141
143
144
144
146
148
151
156
198
230
229
222
209
212
216
217
221
225
226
240
246
244
232
157
117
114
112
108
104
99
93
86
81
77
73
71
69
66
63
59
55
52
52
54
57
61
66
70
74
80
84
89
94
99
103
107
111
113
116
119
120
121
121
120
116
112
110
108
107
104
103
102
103
101
100
97
92
88
85
83
100
102
106
110
113
115
116
115
114
115
117
118
117
117
117
117
116
113
109
104
103
103
105
107
109
112
114
115
115
115
116
117
118
119
120
122
123
124
126
128
130
130
129
129
128
131
134
137
138
140
141
142
143
146
152
189
227
211
206
213
211
207
216
221
217
224
231
244
248
251
246
203
122
112
109
106
101
96
91
86
81
76
73
70
67
64
61
58
56
55
57
60
63
66
70
74
78
83
87
91
96
100
104
108
111
114
116
118
118
118
118
116
112
107
105
104
103
101
101
102
102
100
98
94
89
85
83
81
98
101
106
110
114
118
120
119
118
117
118
118
119
119
119
120
121
118
113
109
106
106
108
109
111
113
115
117
116
116
115
116
116
117
118
119
120
122
123
126
128
127
127
127
128
129
132
134
135
136
137
138
141
143
143
186
189
170
168
157
162
180
175
196
220
220
208
200
203
206
194
168
122
109
105
102
98
93
89
85
81
77
74
69
66
63
60
59
59
61
62
65
68
72
77
80
85
89
92
96
100
103
107
110
112
114
115
116
115
114
113
111
107
103
101
100
100
99
100
101
100
98
94
90
86
82
80
79
96
100
105
110
115
119
121
121
121
121
120
120
121
121
121
122
122
120
116
113
110
109
110
111
112
113
115
117
117
116
116
115
115
115
115
116
117
118
120
123
124
125
125
126
126
127
129
130
131
133
134
136
139
140
126
155
199
163
135
112
123
150
164
207
232
211
186
168
158
153
132
109
110
106
103
99
94
91
88
86
83
78
74
68
64
62
60
61
63
65
67
69
72
77
82
86
91
94
98
102
105
109
111
113
114
114
114
114
113
110
108
105
103
100
97
97
96
96
97
98
97
93
90
86
82
79
77
75
95
99
104
109
114
118
121
122
123
123
122
121
121
121
121
121
121
120
118
116
114
112
112
112
112
113
115
116
116
116
116
115
114
113
113
113
113
115
117
119
122
123
124
124
124
124
125
126
127
130
131
134
139
133
122
150
185
154
135
139
145
145
155
199
210
188
162
154
158
161
148
129
119
107
100
95
91
88
86
84
82
78
73
68
63
62
62
64
67
69
71
73
76
82
87
91
95
99
103
107
111
114
115
115
115
114
114
114
112
108
105
101
99
97
95
94
92
92
93
93
91
87
84
82
79
76
74
72
93
97
102
108
112
116
119
122
122
122
121
120
119
120
120
121
121
120
119
117
116
113
112
111
111
112
113
114
114
114
114
114
112
110
109
108
108
110
112
115
118
119
121
122
122
120
121
123
125
127
129
132
136
128
155
134
92
72
135
83
60
68
92
198
222
224
216
193
200
220
223
210
182
150
101
93
90
87
86
84
81
78
75
70
66
64
64
66
69
71
74
76
80
85
90
95
98
102
105
109
113
116
117
117
117
115
113
113
112
108
103
99
96
94
92
90
88
88
88
87
85
82
80
79
76
73
70
69
93
96
100
106
110
113
117
120
119
119
118
118
118
118
119
121
121
120
119
117
116
114
112
111
109
110
111
112
112
112
112
112
110
108
105
103
103
105
107
110
113
115
118
119
119
117
118
120
123
125
128
130
136
141
188
135
102
98
159
93
92
103
120
211
230
233
227
217
216
233
235
232
206
181
117
94
90
88
87
86
84
81
78
74
71
69
68
70
73
75
78
81
85
91
96
100
103
105
108
110
113
115
117
117
117
115
112
113
111
107
102
98
94
91
89
86
85
84
84
83
81
79
78
77
73
69
66
65
94
97
100
104
109
112
116
118
118
117
117
117
118
119
120
121
122
121
119
117
116
113
111
110
108
108
110
110
110
110
109
109
108
105
102
99
98
100
102
105
108
111
114
115
115
114
115
118
121
123
126
127
143
193
154
154
130
71
79
92
175
201
206
213
216
200
203
207
215
228
231
237
231
211
168
104
91
89
89
88
86
84
82
79
78
76
75
76
78
80
82
85
90
96
101
105
107
109
110
111
113
115
117
117
116
114
112
112
109
106
101
96
92
88
86
84
82
81
80
79
78
77
76
74
69
65
62
61
99
101
104
107
111
115
118
121
120
120
119
120
120
121
122
123
123
122
120
118
116
113
111
110
108
108
109
109
109
108
107
107
106
103
99
95
94
96
98
100
102
106
109
111
111
111
112
115
119
123
125
121
164
206
149
174
115
65
64
91
175
184
194
200
213
203
208
216
221
228
231
228
230
215
188
138
93
90
89
88
87
86
85
84
83
82
81
81
83
85
87
90
95
101
105
108
110
111
112
113
114
115
117
117
116
114
112
110
108
103
99
94
89
85
83
81
79
78
77
76
76
76
74
70
66
61
58
57
109
110
111
113
116
120
123
125
125
124
124
123
123
124
125
125
126
124
122
120
118
114
112
110
107
106
107
108
108
106
104
104
103
100
97
93
91
92
93
95
96
100
104
106
107
108
110
113
116
120
124
112
135
188
137
116
101
85
89
116
126
129
147
167
178
193
205
219
204
196
194
194
187
159
130
108
93
91
90
88
87
86
86
86
87
87
86
87
89
92
93
95
100
105
109
111
112
113
114
114
115
116
117
117
117
115
112
110
107
103
99
93
88
83
81
80
78
76
75
75
75
73
71
67
63
58
56
55
120
120
119
119
121
124
126
128
128
127
127
126
125
126
127
128
128
126
124
122
120
116
113
110
107
105
105
106
106
105
102
101
100
97
94
90
87
88
89
89
90
92
97
99
102
103
106
110
113
118
120
98
136
177
122
95
81
69
94
124
126
135
138
157
189
221
242
236
181
164
164
162
168
143
92
69
87
94
93
91
90
89
89
90
92
92
91
93
96
99
99
100
105
109
112
114
116
116
116
115
115
116
117
118
118
115
112
110
107
104
100
94
87
82
80
79
77
76
74
74
73
70
67
64
60
57
55
55
129
127
125
124
125
127
129
129
130
130
129
128
126
127
128
129
129
128
125
123
121
118
114
110
106
104
104
105
105
103
101
99
97
94
91
87
84
84
85
85
85
87
91
94
97
100
103
106
110
115
116
113
133
162
140
129
113
109
136
157
170
166
171
196
207
211
219
203
163
150
153
155
153
144
114
71
94
98
97
96
95
94
94
94
96
96
96
98
101
103
103
104
109
113
115
117
118
118
118
117
117
117
118
118
117
115
112
110
107
104
99
94
87
81
78
77
76
74
73
72
70
67
65
62
59
57
56
56
136
134
131
130
129
131
132
132
132
132
132
130
129
129
130
130
130
129
126
123
121
117
113
111
106
103
103
103
104
102
99
98
94
91
88
84
81
80
81
81
81
82
84
87
90
95
99
103
108
113
152
194
201
202
202
206
209
212
215
222
226
227
232
231
230
229
231
227
221
221
225
225
221
209
196
180
159
108
103
102
102
100
99
98
100
102
102
102
103
106
108
109
112
115
118
119
120
120
120
120
119
119
120
119
117
114
112
109
106
103
98
92
86
80
77
75
74
73
70
68
65
63
62
61
59
57
57
57
141
139
136
135
133
134
135
135
135
135
134
132
132
132
131
131
131
129
126
123
121
117
114
112
108
104
103
103
103
101
98
95
92
88
85
81
78
88
113
129
137
144
158
168
176
182
188
194
200
204
225
238
241
243
244
243
244
245
245
245
245
246
246
246
246
247
247
247
246
245
245
245
245
244
242
239
229
201
193
191
187
181
175
169
163
158
150
141
129
112
111
113
115
117
119
121
122
122
122
121
121
120
119
118
115
113
110
107
105
100
94
89
83
78
75
74
72
68
66
64
61
60
60
60
60
59
58
58
145
143
140
139
138
138
139
139
138
137
135
133
133
133
132
132
132
129
126
123
121
118
115
114
111
107
104
102
102
100
97
93
90
86
82
78
75
137
222
233
240
242
243
245
246
246
246
247
247
247
250
251
251
251
251
251
251
251
251
251
252
253
253
253
253
253
253
253
253
253
253
253
253
253
253
253
253
252
251
251
251
251
251
251
250
249
246
239
222
136
115
116
118
119
120
120
121
121
121
121
120
119
118
117
114
112
109
106
103
98
92
86
81
75
71
70
67
63
62
61
59
57
59
60
60
61
59
58
